200.000000 -0.000000 0.000000 4.668932 4.668932
106.621361 -0.017681 0.000000 2.489039 2.471359
150.572830 -0.009426 13.150134 3.515071 16.655779
-133.115570 -0.013311 7.010426 -3.107538 3.889577
122.208466 0.011768 9.900264 2.852915 12.764947
-55.298939 -0.010804 -8.752438 -1.290935 -10.054176
401.083527 0.004889 8.035288 9.363158 17.403336
-148.066711 -0.035458 -3.635942 -3.456567 -7.127967
342.559357 0.013090 26.371510 7.996932 34.381531
-487.630615 -0.030284 -9.735485 -11.383571 -21.149340
622.986816 0.043109 22.523506 14.543415 37.110031
-542.200623 -0.055075 -32.062038 -12.657489 -44.774601
1095.492065 0.047933 40.961799 25.573889 66.583618
-1131.672363 -0.096847 -35.650053 -26.418506 -62.165405
1443.308105 0.100045 72.029335 33.693536 105.822914
-1916.458252 -0.127595 -74.408213 -44.739065 -119.274872
2585.497559 0.169424 94.898471 60.357560 155.425461
-2908.509277 -0.228570 -126.008409 -67.898159 -194.135132
4082.702637 0.257126 169.998191 95.309303 265.564606
-5111.291992 -0.360930 -191.236427 -119.321371 -310.918732
6418.374512 0.451862 268.440424 149.834768 418.727051
-8174.541016 -0.567414 -336.070861 -190.831877 -527.470154
10749.403320 0.722668 422.012409 250.941161 673.676208
-13273.524414 -0.950298 -537.481529 -309.865908 -848.297729
17165.955078 1.173442 706.780444 400.733377 1108.687256
-21973.746094 -1.517551 -872.743091 -512.969621 -1387.230225
27944.605469 1.942582 1128.673006 652.357300 1782.972900
-35459.457031 -2.470434 -1444.788475 -827.788951 -2275.047852
45700.957031 3.134783 1837.376465 1066.873282 2907.384521
-57947.691406 -4.040179 -2331.482972 -1352.769126 -3688.292236
73965.843750 5.122848 3004.868434 1726.707439 4736.698730
-94533.976562 -6.538928 -3810.099395 -2206.863496 -6023.501953
120670.039062 8.357248 4863.303605 2817.000976 7688.661621
-153573.234375 -10.667799 -6215.672069 -3585.114868 -9811.455078
196429.093750 13.576596 7934.135626 4585.570314 12533.282227
-250465.640625 -17.365255 -10097.542684 -5847.035102 -15961.943359
319438.875000 22.142340 12915.344048 7457.191775 20394.677734
-407693.562500 -28.239898 -16468.283079 -9517.467405 -26013.990234
520479.812500 36.042027 21003.319284 12150.424010 33189.785156
-663595.687500 -46.012862 -26806.123905 -15491.415384 -42343.550781
847071.000000 58.664978 34221.895137 19774.584085 54055.144531
-1080902.875000 -74.885058 -43631.859461 -25233.309592 -68940.054688
1379001.125000 95.556895 55695.483743 32192.311742 87983.351562
-1759467.000000 -121.910182 -71070.085628 -41074.158053 -112266.156250
2245523.000000 155.545153 90670.244572 52420.969881 143246.765625
-2864735.250000 -198.514788 -115686.129847 -66876.269029 -182760.906250
3655418.000000 253.256062 147644.636332 85334.488616 233232.375000
-4664447.500000 -323.156134 -188358.255147 -108889.938740 -297571.343750
5951627.000000 412.359085 240346.173809 138938.705910 379697.250000
-7593745.000000 -526.151803 -306690.537049 -177273.391513 -484490.093750
